-1
1
0.01
0.002
0.3
200
1.9472664227499018e-9 6.027746181396374e-8 4.0918516270197093e-7 1.508582106017435e-6 4.036954595388709e-6 8.87791726561272e-6 0.000017102633364497225 0.00002994839317825546 0.00004879370630414762 0.00007513032187140309 0.00011053264259411956 0.00015662504287807614 0.0002150476373851454 0.0002874210739013388 0.00037531094261279214 0.0004801924026689409 0.0006034156260546153 0.0007461726483061334 0.0009094661956466711 0.001094081028989206 0.0013005583074121427 0.00152917342774389 0.0017799177435147229 0.002052484506585571 0.002346259309182729 0.0026603152338860237 0.002993412845439157 0.0033440050822344126 0.0037102470281672926 0.00409001046847613 0.004480903057393535 0.00488029185213698 0.0052853308981140315 0.005692992485312212 0.006100101636719241 0.0065033733372013 0.00689945196640202 0.00728495236261487 0.007656501916818598 0.00801078307759182 0.00834457563874045 0.008654798182329056 0.008938548060401612 0.009193139318851717 0.00941613799635168 0.00960539426951637 0.009759070961982832 0.009875667989088194 0.009954042370513491 0.009993423509664855 0.009993423509664857 0.00995404237051349 0.009875667989088194 0.009759070961982778 0.009605394269516369 0.009416137996351681 0.009193139318851818 0.00893854806040161 0.008654798182329053 0.0083445756387404 0.00801078307759182 0.007656501916818599 0.00728495236261487 0.006899451966402017 0.006503373337201298 0.006100101636719205 0.005692992485312213 0.005285330898114031 0.004880291852137034 0.00448090305739353 0.0040900104684761275 0.0037102470281672696 0.003344005082234412 0.0029934128454391557 0.002660315233886023 0.0023462593091827283 0.002052484506585564 0.001779917743514723 0.00152917342774389 0.0013005583074121388 0.0010940810289892069 0.0009094661956466802 0.0007461726483061304 0.0006034156260546144 0.00048019240266894045 0.0003753109426127905 0.0002874210739013387 0.00021504763738514502 0.00015662504287807568 0.00011053264259411936 0.00007513032187140302 0.00004879370630414755 0.000029948393178255418 0.000017102633364497405 8.877917265612644e-6 4.036954595388682e-6 1.50858210601742e-6 4.0918516270196707e-7 6.027746181396284e-8 1.9472664227498844e-9 1.947266422749884e-9 6.027746181396283e-8 4.09185162701967e-7 1.50858210601742e-6 4.036954595388682e-6 8.877917265612644e-6 0.0000171026333644974 0.00002994839317825542 0.00004879370630414755 0.00007513032187140302 0.00011053264259411936 0.00015662504287807565 0.00021504763738514507 0.0002874210739013387 0.0003753109426127905 0.00048019240266894045 0.0006034156260546144 0.0007461726483061303 0.0009094661956466801 0.0010940810289892069 0.0013005583074121388 0.00152917342774389 0.0017799177435147229 0.002052484506585564 0.0023462593091827274 0.002660315233886022 0.0029934128454391557 0.003344005082234412 0.0037102470281672683 0.004090010468476128 0.0044809030573935305 0.004880291852137033 0.005285330898114031 0.005692992485312213 0.006100101636719207 0.0065033733372013 0.006899451966402017 0.007284952362614868 0.007656501916818599 0.008010783077591817 0.0083445756387404 0.008654798182329055 0.00893854806040161 0.009193139318851816 0.00941613799635168 0.00960539426951637 0.009759070961982778 0.009875667989088194 0.009954042370513491 0.009993423509664855 0.009993423509664857 0.009954042370513491 0.009875667989088194 0.009759070961982832 0.009605394269516369 0.009416137996351681 0.009193139318851717 0.008938548060401612 0.008654798182329056 0.00834457563874045 0.00801078307759182 0.007656501916818599 0.00728495236261487 0.006899451966402019 0.0065033733372013005 0.006100101636719241 0.005692992485312212 0.0052853308981140315 0.00488029185213698 0.004480903057393534 0.004090010468476131 0.0037102470281672934 0.0033440050822344126 0.002993412845439158 0.0026603152338860237 0.002346259309182729 0.002052484506585571 0.001779917743514723 0.00152917342774389 0.0013005583074121427 0.001094081028989206 0.0009094661956466714 0.0007461726483061334 0.0006034156260546153 0.00048019240266894094 0.00037531094261279214 0.0002874210739013388 0.00021504763738514532 0.00015662504287807614 0.00011053264259411956 0.0000751303218714031 0.00004879370630414762 0.00002994839317825546 0.000017102633364497222 8.87791726561272e-6 4.036954595388709e-6 1.5085821060174353e-6 4.091851627019708e-7 6.027746181396374e-8 1.9472664227499018e-9
0
0
0
0
test_N_200